# lambda_schedule: [0.000000, 0.008333, 0.016667, 0.025000, 0.033333, 0.041667, 0.050000, 0.058333, 0.066667, 0.075000, 0.083333, 0.091667, 0.100000, 0.108333, 0.116667, 0.125000, 0.133333, 0.141667, 0.150000, 0.158333, 0.166667, 0.175000, 0.183333, 0.191667, 0.200000, 0.208333, 0.216667, 0.225000, 0.233333, 0.241667, 0.250000, 0.258333, 0.266667, 0.275000, 0.283333, 0.291667, 0.300000, 0.308333, 0.316667, 0.325000, 0.333333, 0.341667, 0.350000, 0.358333, 0.366667, 0.375000, 0.383333, 0.391667, 0.400000, 0.408333, 0.416667, 0.425000, 0.433333, 0.441667, 0.450000, 0.458333, 0.466667, 0.475000, 0.483333, 0.491667, 0.500000, 0.508333, 0.516667, 0.525000, 0.533333, 0.541667, 0.550000, 0.558333, 0.566667, 0.575000, 0.583333, 0.591667, 0.600000, 0.608333, 0.616667, 0.625000, 0.633333, 0.641667, 0.650000, 0.658333, 0.666667, 0.675000, 0.683333, 0.691667, 0.700000, 0.708333, 0.716667, 0.725000, 0.733333, 0.741667, 0.750000, 0.758333, 0.766667, 0.775000, 0.783333, 0.791667, 0.800000, 0.808333, 0.816667, 0.825000, 0.833333, 0.841667, 0.850000, 0.858333, 0.866667, 0.875000, 0.883333, 0.891667, 0.900000, 0.908333, 0.916667, 0.925000, 0.933333, 0.941667, 0.950000, 0.958333, 0.966667, 0.975000, 0.983333, 0.991667, 1.000000]
# 50 windows
lambda_schedule: [0.0, 0.020408, 0.040816, 0.061224, 0.081633, 0.102041, 0.122449, 0.142857, 0.163265, 0.183673, 0.204082, 0.22449, 0.244898, 0.265306, 0.285714, 0.306122, 0.326531, 0.346939, 0.367347, 0.387755, 0.408163, 0.428571, 0.44898, 0.469388, 0.489796, 0.510204, 0.530612, 0.55102, 0.571429, 0.591837, 0.612245, 0.632653, 0.653061, 0.673469, 0.693878, 0.714286, 0.734694, 0.755102, 0.77551, 0.795918, 0.816327, 0.836735, 0.857143, 0.877551, 0.897959, 0.918367, 0.938776, 0.959184, 0.979592, 1.0]
prefix: petopc
start_config_prefix: prodpoec0
restart_frequency: 10000
total_steps_per_window: 1200000
windows_per_group: 5
minimize: 500
per_group_equil_steps: 200000
per_window_equil_steps: 100000
